# cav             pos     cav_amp_epics cav_phase_epics cav_amp_model cav_phase rf_gap_avg_phase phase_offset real_offset eKin_in  eKin_out  delta_eKin_in_out_keV bpm_eKin_out model_eKin_out delta_eKin_fit_keV  E0TL_MeV phi_EPICS
1 SCL_RF:Cav01a    3.176            15        103.66        16.363   -89.580   -22.105   -23.534   -23.401        185.57        190.61             0         190.6        190.61    8.5       5.3121 +103.6600
2 SCL_RF:Cav01b    4.399            15         110.7         16.22   -82.747   -20.485   -21.593   -21.479        190.56        195.89       -46.048        195.89        195.94    6.8       5.5554 +110.7000
3 SCL_RF:Cav01c    5.558            15        113.42        16.084   -79.979   -22.835   -23.970   -23.669        195.86        201.31       -35.597        201.31        201.39   10.8        5.792 +113.4200
4 SCL_RF:Cav02a    9.015            15        118.31        15.985   -75.466   -23.388   -23.785   -24.184        201.27        206.91       -42.295         206.9        207.03   12.9       6.0197 +118.3100
5 SCL_RF:Cav02b   10.238            15        133.66        15.859   -60.148   -13.349   -13.245   -13.617        206.86        213.04        -45.94        213.02        213.21   16.5       6.2202 +133.6600
6 SCL_RF:Cav02c   11.397            15        128.04        15.738   -65.593   -23.750   -23.924   -24.167        212.99        218.96       -45.489        218.96        219.18   13.5       6.4145 +128.0400
7 SCL_RF:Cav03a   14.854            15        132.82        15.631   -60.783   -23.754   -23.808   -23.971        218.92        225.03       -43.679        225.04         225.3    8.0       6.5776 +132.8200
8 SCL_RF:Cav03b   16.077            15        137.52        15.523   -56.073   -23.742   -23.770   -23.894           225        231.24       -34.442        231.23        231.53   14.2       6.7193 +137.5200
9 SCL_RF:Cav03c   17.236            15        142.13        15.408   -51.867   -24.101   -23.716   -24.202        231.19         237.5       -50.612        237.51        237.84    9.4       6.8319 +142.1300
10 SCL_RF:Cav04a   20.693            15        146.64        15.378   -47.021   -23.689   -23.726   -23.768        237.47        243.92       -32.508        243.91        244.28    9.7       6.9633 +146.6400
11 SCL_RF:Cav04b   21.916            15        151.03        15.268   -42.637   -23.615   -23.630   -23.640        243.87        250.38       -50.221        250.37        250.79    9.0       7.0363 +151.0300
12 SCL_RF:Cav04c   23.075            15        155.29        15.153   -38.367   -23.499   -23.505   -23.373        250.33        256.89       -45.525        256.88        257.33    8.4       7.0859 +155.2900
13 SCL_RF:Cav05a   26.532            15        159.42         15.07   -34.207   -23.343   -23.518   -23.200        256.85        263.45       -32.196        263.44        263.91    6.7       7.1294 +159.4200
14 SCL_RF:Cav05b   27.755            15        163.41        14.988   -30.233   -23.222   -23.375   -23.084        263.41        270.02       -37.844        270.02        270.52    5.3       7.1553 +163.4100
15 SCL_RF:Cav05c   28.914            15        167.26        14.902   -26.526   -23.217   -23.171   -23.061        269.98        276.59       -46.224        276.59        277.12    3.8       7.1619 +167.2600
16 SCL_RF:Cav06a   32.371            15        170.96        14.832   -22.734   -22.977   -22.813   -22.803        276.57        283.19       -18.091        283.18        283.72    7.8       7.1615 +170.9600
17 SCL_RF:Cav06b   33.594            15        174.52        14.756   -19.242   -22.895   -22.819   -22.750        283.15        289.75       -36.146        289.74         290.3    8.1       7.1439 +174.5200
18 SCL_RF:Cav06c   34.753            15        177.87         14.68   -16.011   -22.929   -22.751   -22.704        289.72        296.28       -34.231        296.27        296.85    8.5       7.1133 +177.8700
19 SCL_RF:Cav07a   38.210            15       -178.77        14.601   -12.645   -22.690   -22.430   -22.376        296.25        302.78       -22.281        302.78        303.36    5.7       7.0692 -178.7700
20 SCL_RF:Cav07b   39.433            15       -175.63        14.536    -9.423   -22.463   -22.315   -22.189        302.75        309.24       -35.581        309.23        309.84    4.5        7.023 -175.6300
21 SCL_RF:Cav07c   40.592            15       -172.61        14.476    -6.383   -22.293   -22.042   -21.975        309.21        315.65       -27.886        315.65        316.26    5.5       6.9702 -172.6100
22 SCL_RF:Cav08a   44.049            15       -169.72        14.433    -3.439   -22.101   -21.523   -21.635        315.64        322.04       -15.073        322.04        322.65   13.1       6.9182 -169.7200
23 SCL_RF:Cav08b   45.272            15       -166.96        14.355    -0.671   -21.970   -21.547   -21.620        322.01        328.35       -26.648        328.35        328.97    9.3       6.8435 -166.9600
24 SCL_RF:Cav08c   46.431            15       -164.31        14.319     1.908   -21.916   -21.499   -21.622        328.33        334.61       -16.477        334.61        335.23    5.0       6.7837 -164.3100
25 SCL_RF:Cav09a   49.888            15       -161.77        14.295     4.764   -21.484   -21.262   -21.188         334.6        340.84       -4.8316        340.84        341.45   11.0       6.7241 -161.7700
26 SCL_RF:Cav09b   51.111            15       -159.34        14.225     7.189   -21.386   -21.269   -21.244        340.81        346.97       -32.514        346.96         347.6   14.0         6.64 -159.3400
27 SCL_RF:Cav09c   52.270            15       -157.02        14.166     9.522   -21.283   -21.152   -21.098        346.95        353.03       -22.403        353.03        353.67    4.4       6.5567 -157.0200
28 SCL_RF:Cav10a   55.727            15       -154.79        14.093    11.680   -21.262   -21.165   -21.111        353.01        359.01       -24.273           359        359.65    8.5       6.4657 -154.7900
29 SCL_RF:Cav10b   56.950            15       -152.66        14.043    13.825   -21.163   -21.111   -20.996        358.99        364.92       -15.676        364.92        365.56    2.4        6.383 -152.6600
30 SCL_RF:Cav10c   58.109            15       -150.61         14.01    15.897   -21.056   -21.033   -20.920         364.9        370.76       -15.639        370.76         371.4    3.2       6.3069 -150.6100
31 SCL_RF:Cav11a   61.566            15       -148.65        13.969    17.822   -21.021   -21.009   -20.848        370.74        376.53       -15.988        376.52        377.17    5.6       6.2255 -148.6500
32 SCL_RF:Cav11b   62.789            15       -147.78        13.905    18.754   -21.904   -21.950   -21.830        376.51        382.17       -16.842        382.17        382.82    4.5       6.1341 -147.7800
33 SCL_RF:Cav11c   63.948            15       -146.99        13.849    19.502   -22.889   -22.865   -22.865        382.15        387.69       -20.316        387.69        388.34    4.2       6.0464 -146.9900
34 SCL_RF:Cav12a   67.498            15         91.38        24.415  -100.732   -18.845   -19.750   -19.778        387.66        396.22       -30.821        396.22        396.92    5.5        8.853 +91.3800
35 SCL_RF:Cav12b   68.945            15         93.56        25.392   -98.618   -20.068   -20.979   -20.854        396.18        405.43       -38.852        405.42        406.18   18.5       9.6396 +93.5600
36 SCL_RF:Cav12c   70.261            15         96.73         25.14   -95.462   -20.369   -21.144   -21.126        405.37        414.92       -58.206        414.91        415.75   10.7       9.9876 +96.7300
37 SCL_RF:Cav12d   71.708            15        103.99        25.015   -88.220   -16.657   -17.181   -17.145        414.88        425.01       -44.665        425.01        425.91   10.0       10.368 +103.9900
38 SCL_RF:Cav13a   75.389            15        103.09        24.951   -89.096   -20.918   -21.354   -21.600        424.98        435.24       -30.199        435.22        436.18   17.4       10.775 +103.0900
39 SCL_RF:Cav13b   76.836            15        106.25        24.772   -86.005   -21.198   -21.455   -21.597        435.17        445.72       -62.413        445.71        446.74   18.7        11.11 +106.2500
40 SCL_RF:Cav13c   78.152            15        109.39        24.626   -82.794   -21.310   -21.539   -21.578        445.67        456.51       -50.354        456.51        457.59   18.8       11.441 +109.3900
41 SCL_RF:Cav13d   79.599            15         112.5         24.51   -79.629   -21.415   -21.629   -21.698        456.46         467.6       -46.794        467.59        468.74   13.2       11.767 +112.5000
42 SCL_RF:Cav14a   83.280            15        115.57        24.446   -76.664   -21.662   -21.700   -22.038        467.57        478.99       -27.642        478.97        480.16   16.6         12.1 +115.5700
43 SCL_RF:Cav14b   84.727            15        118.61        24.331   -73.654   -21.803   -21.770   -21.961        478.93         490.6       -60.652         490.6        491.84   12.0       12.391 +118.6100
44 SCL_RF:Cav14c   86.043            15         121.6        24.241   -70.628   -21.861   -21.842   -21.905        490.56        502.49        -43.84        502.49        503.77   13.6       12.674 +121.6000
45 SCL_RF:Cav14d   87.490            15        124.53        24.105   -67.712   -21.954   -21.935   -22.005        502.43        514.56       -56.195        514.55         515.9   19.9       12.912 +124.5300
46 SCL_RF:Cav15a   91.171            15        127.41        23.965   -64.834   -22.005   -22.092   -22.042        514.51        526.82       -50.088        526.82        528.22    9.3       13.124 +127.4100
47 SCL_RF:Cav15b   92.618            15        130.23        23.915   -61.997   -22.018   -22.130   -21.971        526.78        539.31       -43.653        539.31        540.75   11.7       13.367 +130.2300
48 SCL_RF:Cav15c   93.934            15        132.98        23.852   -59.213   -22.008   -22.146   -21.991        539.27           552       -42.906        551.99        553.47    7.5       13.581 +132.9800
49 SCL_RF:Cav15d   95.381            15        135.67        23.759   -56.563   -22.054   -22.143   -22.059        551.94        564.82       -56.693        564.81        566.35    8.3        13.76 +135.6700
50 SCL_RF:Cav16a   99.062            15        138.29         23.66   -54.071   -22.174   -22.115   -22.085         564.8        577.81        -13.47         577.8        579.34   14.2       13.919 +138.2900
51 SCL_RF:Cav16b  100.509            15        140.83        23.585   -51.501   -22.133   -22.070   -22.023        577.77        590.91       -44.803         590.9        592.48    9.7       14.069 +140.8300
52 SCL_RF:Cav16c  101.825            15        143.31         23.51   -49.012   -22.093   -22.003   -21.970        590.86        604.13       -43.214        604.12        605.73    9.1       14.203 +143.3100
53 SCL_RF:Cav16d  103.272            15        145.71        23.435   -46.602   -22.053   -21.947   -21.910        604.08        617.45       -42.152        617.44        619.09    9.5        14.32 +145.7100
54 SCL_RF:Cav17a  106.953            15        148.05        23.358   -44.217   -21.962   -21.849   -21.817        617.46        630.92        6.2556        630.91        632.54    8.9        14.42 +148.0500
55 SCL_RF:Cav17b  108.400            15        150.31        23.288   -41.929   -21.889   -21.765   -21.733        630.88        644.42       -38.978        644.42        646.07    8.4       14.509 +150.3100
56 SCL_RF:Cav17c  109.716            15         152.5         23.22   -39.706   -21.808   -21.675   -21.645        644.38           658       -37.491        657.99        659.67    8.1       14.586 +152.5000
57 SCL_RF:Cav17d  111.163            15        154.62        23.151   -37.555   -21.725   -21.585   -21.555        657.96        671.64       -36.215        671.63        673.33    7.9       14.648 +154.6200
58 SCL_RF:Cav18a  114.844            15        156.67        23.116   -35.404   -21.574   -21.435   -21.407        671.65         685.4        16.546         685.4        687.07    7.6        14.72 +156.6700
59 SCL_RF:Cav18b  116.291            15        158.66        23.065   -33.365   -21.468   -21.324   -21.298        685.37        699.17       -34.222        699.17        700.85    7.3       14.771 +158.6600
60 SCL_RF:Cav18c  117.607            15        160.58        23.015   -31.404   -21.374   -21.227   -21.202        699.14        712.98       -32.992        712.98        714.68    7.0       14.811 +160.5800
61 SCL_RF:Cav18d  119.054            15        162.44        22.966   -29.518   -21.291   -21.140   -21.117        712.95        726.82       -31.865        726.82        728.54    6.7       14.842 +162.4400
62 SCL_RF:Cav19a  122.735            15        164.23        22.927   -27.680   -21.196   -21.053   -21.031        726.86        740.76        33.086        740.76        742.43    6.4       14.871 +164.2300
63 SCL_RF:Cav19b  124.182            15        165.97        22.879   -25.921   -21.120   -20.976   -20.956        740.73        754.65       -29.629        754.65        756.34    6.1       14.886 +165.9700
64 SCL_RF:Cav19c  125.498            15        167.65        22.831   -24.231   -21.054   -20.911   -20.891        754.63        768.56       -28.477        768.55        770.26    5.8       14.893 +167.6500
65 SCL_RF:Cav19d  126.945            15        169.27        22.782   -22.619   -21.012   -20.870   -20.850        768.53        782.46       -27.438        782.46        784.17    5.6       14.892 +169.2700
66 SCL_RF:Cav20a  130.626            15        170.84        22.742   -21.089   -20.998   -20.865   -20.848        782.53        796.46        69.055        796.45        798.08    5.3       14.892 +170.8400
67 SCL_RF:Cav20b  132.073            15        172.35        22.699   -19.587   -20.960   -20.829   -20.813        796.43        810.35       -25.343        810.35        811.99    5.0       14.883 +172.3500
68 SCL_RF:Cav20c  133.389            15        173.81        22.657   -18.133   -20.921   -20.792   -20.775        810.32        824.23       -24.364        824.23        825.88    4.8       14.869 +173.8100
69 SCL_RF:Cav20d  134.836            15        175.25        22.615   -16.710   -20.864   -20.737   -20.721        824.21         838.1       -23.431         838.1        839.76    4.6       14.851 +175.2500
70 SCL_RF:Cav21a  138.517            15        176.63          22.6   -15.362   -20.838   -20.726   -20.711        838.21         852.1        113.21         852.1        853.63    4.4       14.846 +176.6300
71 SCL_RF:Cav21b  139.964            15        177.95        22.568   -14.044   -20.799   -20.689   -20.675        852.08        865.95       -21.824        865.94        867.48    4.2       14.826 +177.9500
72 SCL_RF:Cav21c  141.280            15         179.2        22.538   -12.792   -20.785   -20.676   -20.664        865.93        879.77       -21.055        879.77        881.32    4.0       14.803 +179.2000
73 SCL_RF:Cav21d  142.727            15       -179.56        22.507   -11.559   -20.749   -20.643   -20.630        879.75        893.58       -20.305        893.57        895.13    3.8       14.776 -179.5600
74 SCL_RF:Cav22a  146.408            15       -178.36        22.493   -10.360   -20.709   -20.621   -20.609        893.75        907.56         175.4        907.55        908.92    3.7       14.758 -178.3600
75 SCL_RF:Cav22b  147.855            15        -177.2        22.463    -9.193   -20.666   -20.579   -20.568        907.54        921.32       -18.792        921.32        922.69    3.5       14.726 -177.2000
76 SCL_RF:Cav22c  149.171            15       -176.07        22.434    -8.054   -20.614   -20.529   -20.519         921.3        935.05       -18.132        935.05        936.43    3.3       14.693 -176.0700
77 SCL_RF:Cav22d  150.618            15       -174.99        22.404    -6.972   -20.586   -20.504   -20.493        935.03        948.75       -17.454        948.75        950.14    3.2       14.657 -174.9900
78 SCL_RF:Cav23a  154.299            15       -173.93        22.374    -5.909   -20.545   -20.464   -20.454        948.74        962.42       -16.848        962.42        963.81    3.1       14.619 -173.9300
79 SCL_RF:Cav23b  155.746            15       -172.91        22.346    -4.875   -20.500   -20.421   -20.411        962.41        976.06       -16.252        976.06        977.46    2.9       14.581 -172.9100
80 SCL_RF:Cav23c  157.062            15       -171.92        22.319    -3.867   -20.452   -20.375   -20.366        976.04        989.66       -15.651        989.66        991.06    2.8       14.541 -171.9200
81 SCL_RF:Cav23d  158.509            15       -170.96        22.291    -2.895   -20.412   -20.337   -20.328        989.65        1003.2       -15.123        1003.2        1004.6    2.7         14.5 -170.9600
82 SCL_RF:Cav25a  170.081            15       -173.93        21.567    -5.725   -24.159   -24.119   -24.111        1003.6        1016.8        415.84        1016.8        1017.8    3.8       14.407 -173.9300
83 SCL_RF:Cav25b  171.528            15       -172.91         21.54    -7.163   -26.461   -26.425   -26.417        1016.8        1029.6       -16.822        1029.6        1030.6    3.7       14.372 -172.9100
84 SCL_RF:Cav25c  172.844            15       -171.92        21.515   -11.197   -31.316   -31.288   -31.280        1029.6        1041.9        -16.05        1041.9        1042.9    3.5       14.338 -171.9200
85 SCL_RF:Cav25d  174.291            15       -170.96        21.492   -18.798   -39.669   -39.660   -39.652        1041.8        1052.9        -14.97        1052.9        1053.9    3.4       14.304 -170.9600
86 SCL_RF:Cav27a  185.863            15       -173.93         21.38  -114.993  -136.046  -136.557  -136.549        1053.3        1043.1        453.43        1043.1        1043.6    3.2       14.212 -173.9300
87 SCL_RF:Cav27b  187.310            15       -172.91         21.45  -124.159  -144.529  -145.096  -145.088        1043.1        1031.4       -11.715        1031.4          1032    3.3       14.274 -172.9100
88 SCL_RF:Cav27c  188.626            15       -171.92        21.526  -130.098  -149.697  -150.304  -150.296        1031.4          1019       -13.318          1019        1019.6    3.5       14.342 -171.9200
89 SCL_RF:Cav27d  190.073            15       -170.96        21.604  -133.757  -152.530  -153.169  -153.160          1019        1006.2       -14.619        1006.2        1006.8    3.7       14.411 -170.9600
90 SCL_RF:Cav28a  193.754            15       -173.93        21.584  -139.039  -156.933  -157.615  -157.606        1006.3        993.08        107.36        993.08        993.54    3.8       14.414 -173.9300
91 SCL_RF:Cav28b  195.201            15       -172.91        21.674  -136.200  -153.192  -153.880  -153.870        993.07        980.13       -16.871        980.13         980.6    3.9        14.49 -172.9100
92 SCL_RF:Cav28c  196.517            15       -171.92        21.763  -130.612  -146.717  -147.395  -147.385        980.11        967.93       -17.025        967.93        968.42    4.1       14.565 -171.9200
93 SCL_RF:Cav28d  197.964            15       -170.96        21.848  -121.249  -136.524  -137.164  -137.154        967.92         957.3       -16.583         957.3         957.8    4.2       14.634 -170.9600
94 SCL_RF:Cav29a  201.645            15       -173.93        21.805   -93.839  -108.519  -108.977  -108.967        957.26        952.63       -43.739        952.63        953.15    4.4       14.616 -173.9300
95 SCL_RF:Cav29b  203.092            15       -172.91        21.857   -79.788   -94.226   -94.585   -94.573        952.61        951.55       -10.876        951.55        952.07    4.5       14.654 -172.9100
96 SCL_RF:Cav29c  204.408            15       -171.92         21.89   -66.480   -80.934   -81.197   -81.187        951.54        953.86       -10.071        953.86        954.39    4.6       14.677 -171.9200
97 SCL_RF:Cav29d  205.855            15       -170.96        21.903   -52.329   -67.050   -67.219   -67.207        953.85        959.58       -10.488        959.58        960.11    4.5       14.684 -170.9600
98 SCL_RF:Cav30a  209.536            15       -173.93        21.763   -25.405   -40.678   -40.687   -40.677        959.25        970.32       -327.26        970.31        971.16    4.3       14.585 -173.9300
99 SCL_RF:Cav30b  210.983            15       -172.91        21.737   -15.043   -31.147   -31.127   -31.118         970.3        982.76       -16.378        982.76        983.61    4.2       14.558 -172.9100
100 SCL_RF:Cav30c  212.299            15       -171.92        21.704    -8.386   -25.381   -25.351   -25.341        982.74        995.86       -17.491        995.86        996.72    4.1       14.523 -171.9200
101 SCL_RF:Cav30d  213.746            15       -170.96        21.668    -4.610   -22.513   -22.479   -22.470        995.84        1009.2       -17.683        1009.2        1010.1    4.0       14.484 -170.9600
102 SCL_RF:Cav31a  217.427            15       -173.93         21.47   -10.243   -29.032   -28.940   -28.932        1008.2        1020.7       -1012.3        1020.7        1022.6    3.9       14.336 -173.9300
103 SCL_RF:Cav31b  218.874            15       -172.91        21.445   -12.921   -32.522   -32.439   -32.431        1020.7        1032.8       -16.265        1032.8        1034.7    3.7       14.303 -172.9100
104 SCL_RF:Cav31c  220.190            15       -171.92        21.423   -17.912   -38.271   -38.203   -38.195        1032.8          1044        -15.35          1044        1045.9    3.6       14.271 -171.9200
105 SCL_RF:Cav31d  221.637            15       -170.96        21.403   -26.319   -47.353   -47.312   -47.304          1044        1053.6       -14.112        1053.6        1055.5    3.5       14.241 -170.9600
106 SCL_RF:Cav32a  225.318            15       -173.93        21.155   -59.866   -81.338   -81.302   -81.295        1051.2        1053.4       -2396.9        1053.4        1057.6    3.8       14.065 -173.9300
107 SCL_RF:Cav32b  226.765            15       -172.91        21.176   -71.575   -93.110   -93.145   -93.137        1053.4        1052.7       -8.2123        1052.7        1056.8    3.8       14.076 -172.9100
108 SCL_RF:Cav32c  228.081            15       -171.92        21.207   -82.197  -103.624  -103.724  -103.717        1052.7        1049.4       -7.8532        1049.4        1053.5    3.7       14.098 -171.9200
109 SCL_RF:Cav32d  229.528            15       -170.96        21.248   -93.401  -114.558  -114.729  -114.721        1049.4        1043.6       -8.1918        1043.6        1047.7    3.7        14.13 -170.9600
